P005083008910|Drosophila_melanogaster	A0A0B4LHM9	100.000	249	0	0	1	249	1	249	0.0	508
P005083008910|Drosophila_melanogaster	Q9VBV3	100.000	249	0	0	1	249	1	249	0.0	508
P005083008910|Drosophila_melanogaster	Q9VBV4	30.645	248	170	2	1	247	3	249	5.40e-39	135
P005083008910|Drosophila_melanogaster	Q9VBV1	31.304	230	156	2	18	246	21	249	1.38e-36	129
P005083008910|Drosophila_melanogaster	O76879	29.134	254	173	5	1	248	8	260	2.17e-33	121
P005083008910|Drosophila_melanogaster	Q9VC67	29.317	249	153	8	7	245	15	250	3.35e-30	113
P005083008910|Drosophila_melanogaster	Q9VDF6	25.403	248	181	4	1	247	1	245	3.73e-22	91.7
P005083008910|Drosophila_melanogaster	Q59E08	26.531	245	168	7	11	248	16	255	7.15e-22	91.3
P005083008910|Drosophila_melanogaster	M9PIL1	26.639	244	168	7	11	248	16	254	1.47e-21	90.5
P005083008910|Drosophila_melanogaster	Q9VEZ6	28.218	202	123	3	49	241	65	253	6.87e-21	88.6
P005083008910|Drosophila_melanogaster	A0A126GUV0	27.670	206	123	4	49	241	65	257	6.79e-19	83.2
P005083008910|Drosophila_melanogaster	Q9VEZ7	24.576	236	161	7	16	240	35	264	1.28e-17	79.7
P005083008910|Drosophila_melanogaster	Q9VDF7	23.478	230	171	4	19	245	21	248	5.37e-17	77.8
P005083008910|Drosophila_melanogaster	Q9VDF8	22.917	240	180	3	10	245	10	248	2.04e-15	73.6
P005083008910|Drosophila_melanogaster	Q9VNT0	30.709	127	87	1	122	248	3	128	8.13e-15	69.7
P005083008910|Drosophila_melanogaster	Q8MSJ6	21.951	246	187	4	3	245	4	247	4.72e-14	69.7
P005083008910|Drosophila_melanogaster	Q9VN73	25.984	254	168	8	3	247	4	246	1.16e-13	68.6
P005083008910|Drosophila_melanogaster	Q9VN71	23.984	246	176	5	4	245	6	244	1.23e-13	68.6
P005083008910|Drosophila_melanogaster	Q9VB79	24.084	191	140	4	59	248	85	271	1.31e-11	63.2
P005083008910|Drosophila_melanogaster	Q9VB77	23.560	191	141	4	59	248	69	255	2.73e-11	62.0
P005083008910|Drosophila_melanogaster	Q9VB80	22.951	244	174	7	7	240	10	249	2.19e-10	59.3
P005083008910|Drosophila_melanogaster	Q4ABK2	25.203	123	92	0	123	245	105	227	3.86e-09	55.8
P005083008910|Drosophila_melanogaster	Q9VN72	22.018	218	156	6	33	245	38	246	1.34e-08	53.9
P005083008910|Drosophila_melanogaster	Q9VK12	26.901	171	111	6	11	174	15	178	1.13e-06	48.5
