P005088004859|Drosophila_obscura	Q9VBV1	64.490	245	84	2	11	254	8	250	1.46e-118	338
P005088004859|Drosophila_obscura	Q9VBV4	34.677	248	155	4	11	253	3	248	4.23e-47	157
P005088004859|Drosophila_obscura	A0A0B4LHM9	29.555	247	170	2	7	252	2	245	6.62e-38	133
P005088004859|Drosophila_obscura	Q9VBV3	29.555	247	170	2	7	252	2	245	6.62e-38	133
P005088004859|Drosophila_obscura	Q9VC67	29.787	235	151	7	25	253	25	251	2.25e-33	121
P005088004859|Drosophila_obscura	Q9VDF6	27.313	227	161	4	28	252	19	243	1.01e-32	119
P005088004859|Drosophila_obscura	O76879	27.490	251	175	6	7	252	9	257	1.25e-32	119
P005088004859|Drosophila_obscura	Q9VDF8	24.590	244	181	3	12	253	7	249	6.72e-22	91.3
P005088004859|Drosophila_obscura	Q59E08	24.590	244	177	4	8	247	8	248	2.05e-21	90.5
P005088004859|Drosophila_obscura	Q9VEZ7	24.096	249	167	7	16	247	21	264	8.38e-21	88.6
P005088004859|Drosophila_obscura	Q9VB79	24.409	254	178	6	5	247	14	264	1.76e-20	88.2
P005088004859|Drosophila_obscura	M9PIL1	24.590	244	176	5	8	247	8	247	2.50e-20	87.4
P005088004859|Drosophila_obscura	Q9VEZ6	23.605	233	167	6	25	252	31	257	2.26e-19	84.7
P005088004859|Drosophila_obscura	Q8MSJ6	26.357	258	164	10	8	253	5	248	2.24e-18	81.6
P005088004859|Drosophila_obscura	A0A126GUV0	23.207	237	167	7	25	252	31	261	1.41e-17	79.7
P005088004859|Drosophila_obscura	Q9VB80	25.806	186	135	2	67	251	70	253	1.20e-15	74.3
P005088004859|Drosophila_obscura	Q9VN72	22.490	249	175	9	11	250	5	244	1.65e-15	73.9
P005088004859|Drosophila_obscura	Q9VB77	23.246	228	166	5	26	247	24	248	3.96e-15	73.2
P005088004859|Drosophila_obscura	Q9VDF7	22.650	234	175	5	24	253	18	249	7.96e-15	72.0
P005088004859|Drosophila_obscura	Q9VN71	25.514	243	170	5	13	252	10	244	1.48e-14	71.2
P005088004859|Drosophila_obscura	A0A0B4KF22	22.047	254	175	10	11	250	5	249	1.91e-13	68.2
P005088004859|Drosophila_obscura	Q9Y143	24.715	263	168	9	8	251	7	258	4.06e-13	67.4
P005088004859|Drosophila_obscura	Q9VNT0	27.273	121	88	0	127	247	1	121	4.03e-12	62.4
P005088004859|Drosophila_obscura	D3DMT7	23.649	148	107	4	107	250	33	178	7.98e-12	62.4
P005088004859|Drosophila_obscura	Q9VK12	23.200	250	179	8	8	252	7	248	1.76e-10	59.7
P005088004859|Drosophila_obscura	Q9VN73	19.368	253	176	8	16	253	6	245	2.06e-08	53.5
P005088004859|Drosophila_obscura	Q9VD91	23.504	234	158	10	26	251	37	257	2.53e-07	50.4
